     0.09      0.00
   499.95     83.81
   999.91    167.61
  1499.86    251.42
  1999.81    335.22
  2499.77    419.03
  2999.72    502.83
  3499.68    586.64
  3999.63    670.44
  4499.58    754.25
  4999.54    838.05
  5499.49    921.86
  5999.44   1005.66
  6499.40   1089.47
  6999.35   1173.28
  7499.30   1257.08
  7999.26   1340.89
  8499.21   1424.69
  8999.17   1508.50
  9499.12   1592.30
  9999.07   1676.11
 10499.03   1759.91
 10998.98   1843.72
 11498.93   1927.52
 11998.89   2039.49
 12498.84   2207.10
 12998.79   2374.71
 13498.75   2542.32
 13998.70   2709.93
 14498.66   2877.54
 14998.61   3045.15
 15498.56   3212.77
 15998.52   3380.38
 16498.47   3547.99
 16998.42   3715.60
 17498.38   3883.21
 17998.33   4050.82
 18498.29   4218.43
 18998.24   4386.04
 19498.19   4553.65
 19998.15   4721.26
 20498.10   4888.87
 20998.05   5056.48
 21498.01   5224.09
 21997.96   5391.71
 22497.91   5559.32
 22997.87   5726.93
 23497.82   5894.54
 23997.78   6118.47
 24497.73   6369.89
 24997.68   6621.30
 25497.64   6872.72
 25997.59   7124.13
 26497.54   7375.55
 26997.50   7626.97
 27497.45   7878.38
 27997.40   8129.80
 28497.36   8381.21
 28997.31   8632.63
 29497.27   8884.05
 29997.22   9135.46
 30497.17   9386.88
 30997.13   9638.30
 31497.08   9889.71
 31997.03  10141.13
 32496.99  10392.54
 32996.94  10643.96
 33496.89  10895.38
 33996.85  11146.79
 34496.80  11398.21
 34996.75  11649.62
 35496.71  11901.72
 35996.66  12236.94
 36496.62  12572.16
 36996.57  12907.38
 37496.52  13242.60
 37996.48  13577.82
 38496.43  13913.04
 38996.38  14248.27
 39496.34  14583.49
 39996.29  14918.71
 40496.25  15253.93
 40996.20  15589.15
 41496.15  15924.38
 41996.11  16259.60
 42496.06  16594.82
 42996.01  16930.04
 43495.97  17265.26
 43995.92  17600.48
 44495.88  17935.70
 44995.83  18270.93
 45495.78  18606.15
 45995.73  18941.37
 46495.69  19276.59
 46995.64  19611.81
 47495.60  19975.87
 47995.55  20394.90
 48495.50  20813.93
 48995.46  21232.95
 49495.41  21651.98
 49995.36  22071.01
 50495.32  22490.03
 50995.27  22909.06
 51495.23  23328.09
 51995.18  23747.12
 52495.13  24166.14
 52995.09  24585.17
 53495.04  25004.19
 53994.99  25423.22
 54494.95  25842.25
 54994.90  26261.27
 55494.86  26680.30
 55994.81  27099.33
 56494.76  27518.36
 56994.71  27937.38
 57494.67  28356.41
 57994.62  28775.43
 58494.58  29194.46
 58994.53  29613.49
 59494.48  30089.52
 59994.44  30592.34
 60494.39  31095.18
 60994.34  31598.01
 61494.30  32100.84
 61994.25  32603.68
 62494.21  33106.51
 62994.16  33609.34
 63494.11  34112.17
 63994.07  34615.00
 64494.02  35117.84
 64993.97  35620.67
 65493.93  36123.50
 65993.88  36626.34
 66493.84  37129.17
 66993.79  37632.00
 67493.74  38134.83
 67993.70  38637.66
 68493.65  39140.49
 68993.60  39643.33
 69493.55  40146.16
 69993.51  40648.99
 70493.46  41151.82
 70993.41  41656.01
 71493.38  42242.65
 71993.33  42829.29
 72493.28  43415.93
 72993.23  44002.56
 73493.19  44589.20
 73993.14  45175.84
 74493.09  45762.48
 74993.05  46349.11
 75493.00  46935.75
 75992.95  47522.38
 76492.91  48109.02
 76992.86  48670.98
 77492.81  49123.63
 77992.77  49576.27
 78492.72  50028.93
 78992.68  50481.58
 79492.63  50934.23
 79992.59  51386.88
 80492.54  51839.53
 80992.49  52292.18
 81492.45  52744.82
 81992.40  53197.48
 82492.35  53650.12
 82992.30  54132.29
 83492.26  54668.74
 83992.21  55205.20
 84492.16  55741.65
 84992.12  56278.11
 85492.07  56814.57
 85992.02  57351.01
 86491.98  57887.48
 86991.94  58423.93
 87491.89  58960.38
 87991.84  59496.84
 88491.80  60033.29
 88991.75  60500.05
 89491.70  60902.52
 89991.66  61304.98
 90491.61  61707.44
 90991.56  62109.91
 91491.52  62512.38
 91991.47  62914.84
 92491.42  63317.32
 92991.38  63719.78
 93491.33  64122.24
 93991.29  64524.71
 94491.24  64927.18
 94991.20  65387.32
 95491.15  65873.59
 95991.10  66359.87
 96491.05  66846.14
 96991.01  67332.41
 97490.96  67818.68
 97990.91  68304.95
 98490.87  68791.23
 98990.82  69277.49
 99490.77  69763.77
 99990.73  70250.04
100490.68  70736.31
100990.63  71107.85
101490.59  71460.15
101990.55  71812.43
102490.50  72164.71
102990.45  72516.99
103490.41  72869.27
103990.36  73221.55
104490.31  73573.85
104990.27  73926.12
105490.22  74278.41
105990.17  74630.70
106490.12  74985.00
106990.08  75421.09
107490.03  75857.20
107989.98  76293.27
108489.94  76729.37
108989.90  77165.45
109489.85  77601.55
109989.80  78037.64
110489.76  78473.72
110989.71  78909.81
111489.66  79345.91
111989.62  79781.98
112489.57  80192.32
112989.52  80494.43
113489.48  80796.52
113989.43  81098.62
114489.38  81400.72
114989.34  81702.82
115489.29  82004.93
115989.24  82307.02
116489.20  82609.12
116989.16  82911.23
117489.11  83213.32
117989.06  83515.44
118489.02  83817.52
118988.97  84119.63
119488.92  84421.73
119988.88  84723.83
120488.83  85025.93
120988.78  85328.04
121488.73  85630.14
121988.69  85932.23
122488.64  86234.33
122988.59  86536.43
123488.55  86838.53
123988.51  87140.63
124488.46  87371.95
124988.41  87540.06
125488.37  87708.18
125988.32  87876.29
126488.27  88044.41
126988.23  88212.52
127488.18  88380.62
127988.13  88548.75
128488.09  88716.86
128988.04  88884.96
129487.99  89053.09
129987.95  89221.20
130487.90  89389.30
130987.85  89557.41
131487.81  89725.52
131987.77  89893.65
132487.72  90061.76
132987.67  90229.87
133487.62  90397.99
133987.58  90566.09
134487.53  90734.20
134987.48  90902.33
135487.44  91070.43
135987.39  91238.54
136487.34  91290.85
136987.30  91324.98
137487.25  91359.09
137987.20  91393.23
138487.16  91427.35
138987.11  91461.46
139487.06  91495.59
139987.02  91529.72
140486.97  91563.84
140986.92  91597.98
141486.88  91632.09
141986.83  91666.22
142486.78  91700.34
142986.75  91734.47
143486.70  91768.59
143986.66  91802.72
144486.61  91836.84
144986.56  91870.96
145486.52  91905.09
145986.47  91939.22
146486.42  91973.34
146986.38  92007.45
147486.33  92041.59
147986.28  92048.87
148486.23  91949.00
148986.19  91849.14
149486.14  91749.27
149986.09  91649.41
150486.05  91549.55
150986.00  91449.70
151485.95  91349.82
151985.91  91249.95
152485.86  91150.09
152985.81  91050.23
153485.77  90950.37
153985.72  90850.50
154485.67  90750.64
154985.62  90650.77
155485.58  90550.91
155985.53  90451.05
156485.48  90351.18
156985.44  90251.31
157485.41  90151.45
157985.36  90051.59
158485.31  89951.73
158985.27  89851.85
159485.22  89752.00
159985.17  89580.27
160485.12  89346.41
160985.08  89112.56
161485.03  88878.72
161984.98  88644.86
162484.94  88411.00
162984.89  88177.16
163484.84  87943.30
163984.80  87709.45
164484.75  87475.61
164984.70  87241.74
165484.66  87007.89
165984.61  86774.05
166484.56  86540.20
166984.52  86306.34
167484.47  86072.49
167984.42  85838.63
168484.38  85604.78
168984.33  85370.93
169484.28  85137.08
169984.23  84903.23
170484.19  84669.38
170984.14  84435.52
171484.09  84201.67
171984.05  83850.94
172484.00  83483.09
172983.97  83115.24
173483.92  82747.40
173983.88  82379.56
174483.83  82011.73
174983.78  81643.89
175483.73  81276.04
175983.69  80908.20
176483.64  80540.36
176983.59  80172.52
177483.55  79804.68
177983.50  79436.85
178483.45  79069.00
178983.41  78701.16
179483.36  78333.32
179983.31  77965.48
180483.27  77597.64
180983.22  77229.81
181483.17  76861.96
181983.12  76494.12
182483.08  76126.28
182983.03  75758.44
183482.98  75362.67
183982.94  74860.84
184482.89  74359.02
184982.84  73857.20
185482.80  73355.36
185982.75  72853.53
186482.70  72351.70
186982.66  71849.88
187482.62  71348.03
187982.58  70846.21
188482.53  70344.38
188982.48  69842.55
189482.44  69340.72
189982.39  68838.90
190482.34  68337.06
190982.30  67835.24
191482.25  67333.41
191982.20  66831.59
192482.16  66329.75
192982.11  65827.93
193482.06  65326.10
193982.02  64824.27
194481.97  64322.44
194981.92  63820.61
195481.88  63318.79
195981.83  62816.96
196481.78  62315.13
196981.73  61813.30
197481.69  61311.47
197981.64  60809.64
198481.59  60307.82
198981.55  59805.98
199481.50  59304.16
199981.45  58802.34
200481.41  58300.50
200981.36  57798.67
201481.31  57296.85
201981.27  56795.02
202481.22  56293.19
202981.19  55791.35
203481.14  55289.52
203981.09  54787.69
204481.05  54285.86
204981.00  53784.04
205480.95  53297.86
205980.91  52846.21
206480.86  52394.57
206980.81  51942.92
207480.77  51491.27
207980.72  51039.62
208480.67  50587.98
208980.62  50136.34
209480.58  49684.70
209980.53  49233.05
210480.48  48781.40
210980.44  48329.75
211480.39  47878.11
211980.34  47426.46
212480.30  46974.82
212980.25  46523.18
213480.20  46071.53
213980.16  45619.88
214480.11  45168.24
214980.06  44716.59
215480.02  44264.95
215979.97  43813.30
216479.92  43361.66
216979.88  42910.02
217479.84  42490.86
217979.80  42089.40
218479.75  41687.94
218979.70  41286.47
219479.66  40885.01
219979.61  40483.55
220479.56  40082.09
220979.52  39680.62
221479.47  39279.16
221979.42  38877.70
222479.38  38476.23
222979.33  38074.77
223479.28  37673.31
223979.23  37271.85
224479.19  36870.39
224979.14  36468.93
225479.09  36067.46
225979.05  35666.00
226479.00  35264.54
226978.95  34863.07
227478.91  34461.61
227978.86  34060.15
228478.81  33658.69
228978.77  33257.22
229478.72  32905.13
229978.67  32553.85
230478.62  32202.57
230978.58  31851.29
231478.53  31500.01
231978.48  31148.73
232478.44  30797.45
232978.41  30446.17
233478.36  30094.88
233978.31  29743.61
234478.27  29392.32
234978.22  29041.04
235478.17  28689.76
235978.12  28338.49
236478.08  27987.20
236978.03  27635.93
237477.98  27284.65
237977.94  26933.37
238477.89  26582.09
238977.84  26230.81
239477.80  25879.53
239977.75  25528.25
240477.70  25176.97
240977.66  24841.74
241477.61  24540.64
241977.56  24239.55
242477.52  23938.45
242977.47  23637.35
243477.42  23336.26
243977.38  23035.16
244477.33  22734.06
244977.28  22432.96
245477.23  22131.87
245977.19  21830.77
246477.14  21529.67
246977.09  21228.58
247477.06  20927.47
247977.02  20626.38
248476.97  20325.28
248976.92  20024.18
249476.88  19723.08
249976.83  19421.99
250476.78  19120.89
250976.73  18819.79
251476.69  18518.70
251976.64  18217.60
252476.59  17916.50
252976.55  17648.32
253476.50  17397.41
253976.45  17146.49
254476.41  16895.58
254976.36  16644.66
255476.31  16393.75
255976.27  16142.83
256476.22  15891.92
256976.17  15641.01
257476.12  15390.09
257976.08  15139.18
258476.03  14888.27
258975.98  14637.35
259475.94  14386.44
259975.89  14135.52
260475.84  13884.61
260975.80  13633.69
261475.75  13382.78
261975.70  13131.87
262475.66  12880.95
262975.62  12630.03
263475.56  12379.12
263975.53  12128.20
264475.47  11877.30
264975.44  11676.15
265475.38  11475.43
265975.34  11274.69
266475.28  11073.96
266975.25  10873.23
267475.19  10672.50
267975.16  10471.76
268475.09  10271.04
268975.06  10070.30
269475.00   9869.58
269974.97   9668.84
270474.94   9468.10
270974.88   9267.38
271474.84   9066.64
271974.78   8865.91
272474.75   8665.18
272974.69   8464.45
273474.66   8263.71
273974.59   8062.99
274474.56   7862.25
274974.50   7661.52
275474.47   7460.79
275974.41   7260.06
276474.38   7075.78
276974.31   6925.24
277474.28   6774.69
277974.22   6624.14
278474.19   6473.59
278974.12   6323.05
279474.09   6172.49
279974.03   6021.95
280474.00   5871.40
280973.94   5720.85
281473.91   5570.30
281973.84   5419.76
282473.81   5269.20
282973.75   5118.66
283473.72   4968.11
283973.66   4817.56
284473.62   4667.01
284973.56   4516.47
285473.53   4365.91
285973.50   4215.36
286473.44   4064.82
286973.41   3914.26
287473.34   3763.72
287973.31   3613.17
288473.25   3495.94
288973.22   3395.57
289473.16   3295.21
289973.12   3194.84
290473.06   3094.48
290973.03   2994.11
291472.97   2893.75
291972.94   2793.38
292472.88   2693.01
292972.84   2592.65
293472.78   2492.28
293972.75   2391.91
294472.69   2291.55
294972.66   2191.18
295472.59   2090.82
295972.56   1990.45
296472.50   1890.09
296972.47   1789.72
297472.41   1689.36
297972.38   1588.99
298472.31   1488.63
298972.28   1388.26
299472.22   1287.90
299972.19   1187.53
